JD, mag, mag_fit, mag-mag_fit, rescaled error, mag-trend, mag_fit-trend
#midtransit: 0.172815 +/- 0.000877
#depth: 0.029116 +/- 0.002107
#duration:  0.051044 +/- 0.003032
0.108390 0.744991 0.742601 0.002390 0.006714 0.002390 0.000000
0.109830 0.736962 0.742461 -0.005499 0.006714 -0.005499 0.000000
0.111260 0.744868 0.742322 0.002546 0.006714 0.002546 0.000000
0.112700 0.739070 0.742182 -0.003112 0.006714 -0.003112 0.000000
0.114130 0.744587 0.742043 0.002545 0.006714 0.002545 0.000000
0.115570 0.737225 0.741903 -0.004677 0.006714 -0.004677 0.000000
0.117010 0.739456 0.741763 -0.002306 0.006714 -0.002306 0.000000
0.118440 0.745828 0.741624 0.004204 0.006714 0.004204 0.000000
0.119880 0.740770 0.741484 -0.000713 0.006714 -0.000713 0.000000
0.121310 0.741683 0.741344 0.000339 0.006714 0.000339 0.000000
0.122750 0.743669 0.741204 0.002465 0.006714 0.002465 0.000000
0.124180 0.741769 0.741065 0.000704 0.006714 0.000704 0.000000
0.125620 0.749199 0.740925 0.008274 0.006714 0.008274 0.000000
0.127050 0.744331 0.740786 0.003545 0.006714 0.003545 0.000000
0.128490 0.738320 0.740646 -0.002326 0.006714 -0.002326 0.000000
0.129920 0.744176 0.740507 0.003669 0.006714 0.003669 0.000000
0.131360 0.743273 0.740367 0.002906 0.006714 0.002906 0.000000
0.132790 0.738033 0.740228 -0.002195 0.006714 -0.002195 0.000000
0.134230 0.740566 0.740088 0.000478 0.006714 0.000478 0.000000
0.135660 0.738564 0.739949 -0.001385 0.006714 -0.001385 0.000000
0.137540 0.741198 0.739766 0.001432 0.006714 0.001432 0.000000
0.138980 0.736587 0.739626 -0.003039 0.006714 -0.003039 0.000000
0.140420 0.740482 0.739486 0.000996 0.006714 0.000996 0.000000
0.141850 0.742886 0.739347 0.003539 0.006714 0.003539 0.000000
0.143290 0.739937 0.739207 0.000730 0.006714 0.000730 0.000000
0.144760 0.737555 0.739064 -0.001509 0.006714 -0.001509 0.000000
0.146200 0.739480 0.738924 0.000556 0.006714 0.000556 0.000000
0.147630 0.697924 0.738903 -0.040979 0.006714 -0.040861 0.000118
0.149070 0.732233 0.740131 -0.007898 0.006714 -0.006411 0.001487
0.150500 0.743736 0.742096 0.001640 0.006714 0.005231 0.003590
0.151930 0.747986 0.744483 0.003503 0.006714 0.009619 0.006116
0.153370 0.754618 0.747120 0.007499 0.006714 0.016392 0.008893
0.154800 0.751880 0.749826 0.002055 0.006714 0.013793 0.011738
0.156240 0.752508 0.752521 -0.000014 0.006714 0.014560 0.014574
0.157680 0.756711 0.755091 0.001620 0.006714 0.018903 0.017284
0.159110 0.757736 0.757442 0.000294 0.006714 0.020067 0.019774
0.160530 0.766487 0.759520 0.006968 0.006714 0.028957 0.021989
0.161970 0.758198 0.761324 -0.003125 0.006714 0.020808 0.023933
0.163410 0.763987 0.762798 0.001189 0.006714 0.026737 0.025548
0.164840 0.754631 0.763929 -0.009298 0.006714 0.017520 0.026818
0.166280 0.764676 0.764743 -0.000067 0.006714 0.027705 0.027772
0.167710 0.766485 0.765256 0.001229 0.006714 0.029653 0.028424
0.169130 0.763241 0.765514 -0.002273 0.006714 0.026547 0.028820
0.170570 0.764444 0.765573 -0.001129 0.006714 0.027890 0.029019
0.172000 0.768471 0.765512 0.002959 0.006714 0.032056 0.029097
0.173440 0.772009 0.765380 0.006629 0.006714 0.035734 0.029105
0.174870 0.767707 0.765169 0.002538 0.006714 0.031571 0.029033
0.176310 0.759612 0.764852 -0.005241 0.006714 0.023616 0.028857
0.177740 0.764929 0.764344 0.000585 0.006714 0.029072 0.028487
0.179180 0.766828 0.763581 0.003247 0.006714 0.031112 0.027865
0.180610 0.757114 0.762532 -0.005418 0.006714 0.021537 0.026955
0.182050 0.759432 0.761154 -0.001721 0.006714 0.023995 0.025716
0.183470 0.758360 0.759465 -0.001105 0.006714 0.023061 0.024166
0.184910 0.753979 0.757423 -0.003445 0.006714 0.018819 0.022264
0.186340 0.754000 0.755090 -0.001089 0.006714 0.018980 0.020070
0.187780 0.762003 0.752472 0.009531 0.006714 0.027123 0.017592
0.189210 0.748970 0.749662 -0.000692 0.006714 0.014229 0.014921
0.190650 0.742404 0.746697 -0.004293 0.006714 0.007803 0.012096
0.192080 0.741984 0.743711 -0.001726 0.006714 0.007522 0.009249
0.193520 0.736724 0.740775 -0.004051 0.006714 0.002402 0.006454
0.194940 0.750638 0.738090 0.012547 0.006714 0.016454 0.003906
0.196380 0.736821 0.735763 0.001057 0.006714 0.002777 0.001720
0.197810 0.727495 0.734138 -0.006643 0.006714 -0.006409 0.000233
0.199250 0.734561 0.733765 0.000796 0.006714 0.000796 0.000000
0.200680 0.735381 0.733626 0.001756 0.006714 0.001756 0.000000
0.202120 0.735867 0.733486 0.002381 0.006714 0.002381 0.000000
0.203550 0.733829 0.733346 0.000482 0.006714 0.000482 0.000000
0.204990 0.748349 0.733206 0.015142 0.006714 0.015142 0.000000
0.206420 0.734843 0.733067 0.001775 0.006714 0.001775 0.000000
0.207860 0.736887 0.732927 0.003960 0.006714 0.003960 0.000000
0.209290 0.737467 0.732788 0.004679 0.006714 0.004679 0.000000
0.210730 0.750291 0.732648 0.017643 0.006714 0.017643 0.000000
0.212160 0.734866 0.732509 0.002357 0.006714 0.002357 0.000000
0.213600 0.732042 0.732369 -0.000328 0.006714 -0.000328 0.000000
0.215020 0.741724 0.732231 0.009493 0.006714 0.009493 0.000000
0.216460 0.734411 0.732091 0.002320 0.006714 0.002320 0.000000
0.217890 0.733686 0.731952 0.001734 0.006714 0.001734 0.000000
0.219330 0.733683 0.731812 0.001872 0.006714 0.001872 0.000000
0.220760 0.728720 0.731673 -0.002952 0.006714 -0.002952 0.000000
0.222210 0.729388 0.731532 -0.002144 0.006714 -0.002144 0.000000
0.223650 0.726284 0.731392 -0.005107 0.006714 -0.005107 0.000000
0.225080 0.722829 0.731253 -0.008424 0.006714 -0.008424 0.000000
0.226520 0.734610 0.731113 0.003497 0.006714 0.003497 0.000000
0.227950 0.729877 0.730974 -0.001097 0.006714 -0.001097 0.000000
0.229390 0.733590 0.730834 0.002756 0.006714 0.002756 0.000000
0.230820 0.723996 0.730694 -0.006699 0.006714 -0.006699 0.000000
0.232260 0.734349 0.730554 0.003795 0.006714 0.003795 0.000000
0.233680 0.732114 0.730416 0.001698 0.006714 0.001698 0.000000
0.235120 0.715239 0.730276 -0.015037 0.006714 -0.015037 0.000000
0.236540 0.727903 0.730138 -0.002235 0.006714 -0.002235 0.000000
0.237970 0.722727 0.729999 -0.007272 0.006714 -0.007272 0.000000
0.239410 0.723418 0.729859 -0.006441 0.006714 -0.006441 0.000000
